2,35
2,34
2,33
2,32
2,31
2,30
2,29
2,28
2,27
2,26
2,25
2,24
2,18
2,17
2,16
2,15
2,14
2,13
2,12
2,11
2,10
2,7
2,6
2,5
2,4
2,3
2,2
2,1
2,0
1,3
1,2
1,1
1,0
0,511
0,509
0,505
0,491
0,489
0,487
0,478
0,468
0,459
0,457
0,456
0,448
0,444
0,443
0,438
0,430
0,429
0,412
0,410
0,407
0,406
0,382
0,381
0,380
0,378
0,376
0,375
0,374
0,373
0,372
0,369
0,364
0,361
0,360
0,359
0,355
0,354
0,353
0,350
0,348
0,347
0,346
0,345
0,344
0,343
0,342
0,341
0,340
0,334
0,333
0,329
0,328
0,327
0,325
0,323
0,322
0,319
0,316
0,315
0,311
0,301
0,243
0,445
0,436
16,1
16,3
16,0
0,9
0,310
0,305
0,365
0,362
0,317
0,330
0,308
0,446
0,304
0,437
0,303
0,302
0,307
0,326
0,12
0,377
0,10
0,324
0,8
0,0
0,332
0,300
0,428
0,299
0,500
0,298
0,321
0,297
0,420
0,296
0,485
0,295
0,471
0,294
0,469
0,293
0,419
0,292
0,470
0,291
0,483
0,290
0,411
0,289
0,507
0,288
0,416
0,287
0,481
0,286
0,338
0,285
0,400
0,284
0,414
0,283
0,474
0,282
0,506
0,281
0,499
0,280
0,504
0,279
0,462
0,278
0,473
0,277
0,482
0,276
0,427
0,275
2,38
2,43
2,46
2,47
3,0
3,1
3,3
3,5
3,6
4,1
4,3
5,1
6,0
6,1
6,4
7,0
7,3
8,0
8,3
9,1
9,3
10,1
10,3
11,1
12,0
12,1
13,0
13,1
14,0
14,1
15,0
15,3
17,0
17,3
18,0
18,3
19,1
19,3
20,1
20,3
21,1
21,3
22,1
23,0
23,1
23,4
42,0
42,3
43,1
43,3
44,1
44,3
45,1
46,0
46,1
47,0
47,1
48,0
48,1
49,0
49,3
50,0
50,3
51,0
51,3
52,1
52,3
59,1
59,2
59,4
59,5
60,0
60,2
60,3
60,5
60,6
61,1
61,4
62,0
62,2
62,3
63,0
63,1
63,3
63,5
63,6
64,1
64,2
64,4
64,6
65,0
65,2
65,3
65,5
66,1
66,2
66,4
66,5
66,7
67,0
67,3
70,1
70,3
75,0
75,1
77,0
77,3
77,4
79,1
79,3
81,0
81,1
81,4
84,1
84,3
85,1
85,3
85,5
86,1
86,3
87,1
87,3
88,1
88,3
91,1
92,0
92,1
93,0
93,1
97,0
97,3
98,0
98,3
98,5
98,7
98,8
100,1
108,0
108,1
112,0
112,1
112,10
112,13
114,0
114,3
117,0
117,3
119,1
119,3
119,7
119,8
121,0
121,3
123,1
128,0
128,1
128,5
128,6
128,8
128,10
128,11
128,13
129,0
129,3
129,5
129,8
130,1
130,3
130,10
130,11
517,0
517,2
517,3
517,5
652,0
652,2
652,3
654,1
654,3
654,4
656,0
656,1
656,3
658,0
658,1
658,3
658,4
660,1
660,3
660,4
665,0
665,1
665,3
665,4
667,0
667,2
667,3
667,5
670,0
670,2
670,4
670,5
672,1
672,2
672,4
677,0
677,2
677,4
679,0
679,2
679,3
685,0
685,2
685,3
685,5
685,6
685,8
685,9
685,11
685,13
685,14
685,16
685,17
685,19
692,1
692,2
692,4
692,5
692,7
692,8
692,10
692,12
692,13
692,15
692,16
692,18
692,20
692,21
692,23
694,0
694,2
694,4
694,5
694,7
697,0
697,2
697,3
697,5
697,7
697,8
697,10
697,11
697,13
697,15
697,16
697,18
700,0
700,2
700,3
700,5
700,7
700,8
700,10
700,11
713,1
713,3
713,4
715,0
715,1
715,3
715,4
716,1
716,3
716,4
716,6
716,7
716,9
716,11
716,12
716,14
716,15
718,0
718,2
718,3
719,0
719,1
719,3
719,4
725,1
725,3
725,4
725,6
725,7
729,0
729,2
729,3
729,5
729,6
729,8
734,0
734,2
734,4
734,5
734,7
734,8
739,1
739,3
739,4
739,6
739,7
744,0
744,1
744,3
744,5
744,6
744,8
748,0
748,2
748,4
752,0
752,2
752,3
752,5
752,7
752,8
756,1
756,2
756,4
756,5
756,7
4710,0
4710,1
4713,0
4713,1
4713,4
4718,1
4718,3
4720,1
4720,3
4722,0
4722,1
4722,4
4724,1
4724,3
4727,0
4727,1
4728,0
4728,3
4728,4
4729,0
4729,1
4730,0
4730,1
4731,0
4731,3
4734,0
4734,3
4735,0
4735,3
4736,1
4736,3
4740,1
4740,3
4741,1
4741,3
4743,1
4751,0
4751,1
4755,0
4755,1
4757,0
4757,3
4760,0
4760,3
4762,0
4762,3
4764,1
4764,3
4766,1
4766,3
4771,1
4771,3
4772,1
4775,0
4775,3
4776,1
4776,3
4889,1
4889,3
4889,4
4889,6
4889,7
4889,9
4889,10
4889,12
4889,14
4890,0
4890,2
4890,3
4891,0
4891,2
4891,3
4892,1
4892,2
4893,0
4893,1
4893,3
4894,1
4894,2
4895,0
4895,1
4895,3
4896,1
4896,2
4897,0
4897,1
4897,3
4898,1
4898,2
4899,0
4899,1
4899,3
4900,0
4900,2
4901,0
4901,1
4901,3
4901,4
4901,6
4904,0
4904,1
4916,0
4916,1
4918,0
4918,1
4921,0
4921,3
4924,0
4924,3
4927,0
4927,3
4930,1
4930,3
4932,1
4932,3
5175,1
5175,2
5175,4
4907,3
4907,1
4914,3
4914,1
4923,3
4922,0
4922,3
4934,0
4934,3
4925,0
4925,3
4933,0
4933,1
4914,5
4924,4
4916,5
4921,5
4932,5
4927,4
5148,0
5148,3
5155,0
5155,1
5157,0
5157,1
5153,0
5153,1
5159,0
5159,1
5164,3
5164,1
5162,3
5162,1
5172,3
5167,0
5167,3
5170,0
5170,3
5163,0
5163,3
5145,0
5145,1
5174,0
5174,1
5165,0
5165,1
5173,3
5173,1
5155,4
5157,4
5163,4
5163,1
4914,4
4918,4
4922,4
4927,5
4922,1
4916,4
4907,4
5159,4
5148,4
5173,0
5165,3
5174,3
5145,3
5163,5
5170,1
5167,1
5172,1
5172,0
5162,0
5164,0
5159,3
5153,3
5157,3
5155,3
5148,1
4930,4
4934,4
4918,5
4923,4
4933,3
4925,1
4934,1
4922,5
4923,1
4923,0
4914,0
4907,0
5175,3
5175,0
4932,0
4930,0
4927,1
4924,1
4921,1
4918,3
4916,3
4904,3
4901,7
4901,5
4901,2
4900,3
4900,1
4899,2
4898,3
4898,0
4897,2
4896,3
4896,0
4895,2
4894,3
4894,0
4893,2
4892,3
4892,0
4891,1
4890,4
4890,1
4889,13
4889,11
4889,8
4889,5
4889,2
4889,0
4776,0
4772,3
4772,0
4771,0
4766,0
4764,0
4762,1
4760,1
4757,1
4755,3
4751,3
4743,3
4743,0
4741,0
4740,0
4736,0
4735,1
4734,1
4731,1
4730,3
4729,3
4728,5
4728,1
4727,3
4724,4
4724,0
4722,3
4720,4
4720,0
4718,0
4713,3
4710,3
756,8
756,6
756,3
756,0
752,6
752,4
752,1
748,3
748,1
744,7
744,4
744,2
739,8
739,5
739,2
739,0
734,6
734,3
734,1
729,7
729,4
729,1
725,8
725,5
725,2
725,0
719,2
718,4
718,1
716,16
716,13
716,10
716,8
716,5
716,2
716,0
715,2
713,5
713,2
713,0
700,9
700,6
700,4
700,1
697,17
697,14
697,12
697,9
697,6
697,4
697,1
694,6
694,3
694,1
692,22
692,19
692,17
692,14
692,11
692,9
692,6
692,3
692,0
685,18
685,15
685,12
685,10
685,7
685,4
685,1
679,4
679,1
677,3
677,1
672,3
672,0
670,3
670,1
667,4
667,1
665,5
665,2
660,5
660,2
660,0
658,2
656,4
656,2
654,5
654,2
654,0
652,1
517,4
517,1
130,12
130,9
130,0
129,7
129,1
128,12
128,9
128,7
128,3
123,3
123,0
119,9
119,6
119,0
117,1
114,1
112,11
112,3
108,3
100,3
100,0
98,6
98,1
97,1
93,3
92,3
91,3
91,0
88,0
87,0
86,0
85,4
85,0
84,0
81,3
79,4
79,0
77,1
75,3
70,4
70,0
67,1
66,6
66,3
66,0
65,4
65,1
64,5
64,3
64,0
63,4
63,2
62,4
62,1
61,3
61,0
60,4
60,1
59,6
59,3
59,0
52,0
51,1
50,1
49,1
48,3
47,3
46,3
45,3
45,0
44,0
43,0
42,1
23,3
22,3
22,0
21,0
20,0
19,0
18,1
17,1
15,1
14,3
13,3
12,3
11,3
11,0
10,0
9,0
8,1
7,1
6,3
5,3
5,0
4,0
3,4
3,2
2,49
2,44
0,503
0,274
0,337
0,273
0,385
0,272
0,399
0,271
0,397
0,270
0,463
0,269
0,472
0,268
0,390
0,267
0,495
0,266
0,418
0,265
0,379
0,264
0,351
0,263
0,262
0,398
0,261
0,336
0,260
0,440
0,259
0,388
0,258
0,477
0,257
0,426
0,256
0,490
0,255
0,409
0,254
0,389
0,253
0,391
0,252
0,425
0,251
0,335
0,250
0,486
0,249
0,453
0,248
0,413
0,247
0,371
0,246
0,460
0,245
0,439
0,244
0,475
0,242
0,450
0,241
0,396
0,240
0,415
0,239
0,417
0,238
0,384
0,237
0,476
0,236
0,484
0,235
0,435
0,234
0,357
0,233
0,458
0,232
0,424
0,231
0,497
0,230
0,454
0,229
0,408
0,228
0,423
0,227
0,394
0,226
0,480
0,225
0,447
0,224
0,455
0,223
0,422
0,222
0,402
0,221
0,434
0,220
0,494
0,219
0,492
0,218
0,479
0,217
0,393
0,216
0,215
0,493
0,214
0,465
0,213
0,502
0,212
0,510
0,211
0,466
0,210
0,433
0,209
0,501
0,208
0,356
0,207
0,488
0,206
0,205
0,451
0,204
0,386
0,203
0,367
0,202
0,339
0,201
0,432
0,200
0,449
0,199
0,392
0,198
0,331
0,197
0,405
0,196
0,404
0,195
0,403
0,194
0,461
0,193
0,431
0,192
0,452
0,63
0,395
0,62
0,498
0,61
0,309
0,60
0,320
0,59
0,421
0,58
0,496
0,57
0,56
0,441
0,55
0,366
0,54
0,508
0,53
0,442
0,52
0,363
0,51
0,467
0,50
0,352
0,49
0,387
0,48
0,314
0,47
0,401
0,46
0,349
0,45
0,464
0,6
0,5
0,1
0,313
0,11
0,4
0,2
0,3
0,7
